91707046333
91807756901
91865947420
91687444097
91791925964
91614531415
91791023156
91619334847
91888649016
91603965433
91770232064
91750422911
91722995009
91959127747
91627499024
91645686358
91982024249
91740903690
91775988813
91672655710
91818912707
91613574446
91969219223
91687967394
91953825593
91990215762
91663802763
91989451734
91892799226
91710196536
91854166350
91979310475
91665200226
91750251003
91827469181
91694081194
91736625138
91824640830
91713327821
91897575504
91614100780
91981391241
91791005043
91882410940
91742287133
91660314603
91960359305
91764336920
91692804403
91753687170
91892840258
91612243392
91667616257
91758204701
91773208721
91857721763
91943505098
91775684230
91955249210
91951661738
91953580965
91897285859
91812211045
91871183821
91750130354
91912711303
91991007436
91828430660
91754084603
91789031182
91637409325
91953036153
91651132975
91693705651
91614837084
91711354030
91610037541
91709747279
91729484492
91804967193
91868406982
91870339166
91925222514
91829813802
91883193807
91734397555
91718211523
91813152150
91746294000
91697781663
91988797680
91835225521
91970279888
91875923371
91655609471
91959845359
91853673512
91962817142
91948369863
91781018911
91899324137
91799611699
91999613865
91716564608
91897308244
91975653675
91693670182
91713078204
91801247486
91971085328
91614801294
91915812166
91923630237
91734466647
91840807098
91678041364
91640361553
91678432993
91727770664
91812769396
91862891527
91751602595
91968196344
91745272142
91678516745
91947148613
91611042055
91920336696
91625362884
91762002365
91602134335
91705540154
91944096016
91949977255
91701979841
91812086898
91810875684
91822485167
91787558996
91835720152
91721868464
91989769504
91734898279
91678183237
91973355953
91627737488
91952377216
91951851533
91693064807
91691361240
91802419566
91628163755
91870927119
91694536685
91758847841
91805768525
91882084859
91782475641
91852896265
91810341391
91962491875
91835714323
91996939207
91656963670
91683966975
91955544015
91959763493
91692062722
91787506143
91606956944
91854198232
91719432468
91905833770
91913754823
91817027596
91905681400
91894531266
91923708923
91670598004
91927314279
91740480005
91765085472
91854534538
91753773027
91666848863
91829946827
91893077004
91937083636
91691037182
91663477980
91716005886
91694350973
91762795822
91633592436
91774969155
91651618343
91790174260
91988114797
91741971531
91727576680
91880145013
91993818651
91946294169
91806898255
91622690728
91776186744
91942613003
91714540162
91996109543
91746276521
91718151284
91889777624
91896424253
91638140018
91795729098
91670210852
91721141137
91630545186
91825957836
91780195760
91895364491
91826857092
91787735219
91902176782
91805693914
91661017617
91926010670
91736754334
91980798726
91946860390
91728394858
91852629774
91858390071
91658181929
91941623102
91825306066
91822345062
91864571772
91894939743
91922223559
91850551614
91922012752
91671955536
91896988063
91972090854
91801838234
91846388415
91718207970
91994768518
91881158946
91691079332
91914339500
91618230224
91851223146
91794319252
91814547940
91777450923
91878729575
91922584498
91685549975
91711001833
91907639353
91777454462
91683385881
91809309252
91989305141
91817062507
91842509503
91841491477
91908928255
91742883555
91982945498
91718458417
91768922596
91753423284
91724361426
91778849107
91725418312
91695363516
91713350949
91967533571
91789311019
91830981000
91677353733
91801068840
91779360102
91860160968
91940446171
91962134742
91787924641
91985095691
91879439124
91828812130
91686477279
91727149406
91945348291
91767048535
91964852708
91998918490
91762346293
91654048652
91794662597
91856068227
91945265303
91699459841
91916282715
91875541289
91950347578
91962599608
91620346099
91942924492
91634993225
91861202350
91851290160
91681678589
91696976452
91692525282
91870855447
91751689413
91761884973
91854828621
91682777691
91786294555
91846040677
91974206393
91806112564
91860181957
91985602194
91840706922
91890814725
91733598477
91663987724
91610404343
91671304974
91814180470
91613585875
91712298920
91865233390
91848649581
91931111996
91790782460
91852463839
91709577494
91932794654
91745120048
91920177192
91853134694
91982930746
91642454273
91683075860
91801276479
91943081857
91773437340
91920174208
91696103271
91679816867
91909319509
91940229173
91783735265
91701793901
91998544019
91627694807
91946959283
91637043456
91627422596
91800755682
91904920357
91794534728
91642385262
91845454746
91832618088
91723632088
91734904691
91755626439
91612556623
91663670644
91798619377
91755742848
91633365720
91939536650
91661312184
91906759846
91897622744
91894083752
91908484987
91965059035
91985281621
91866948741
91671537304
91909642043
91756502556
91779576191
91740255468
91701562571
91931351654
91796867688
91755178491
91742612344
91770634173
91856330567
91728392733
91990714310
91909629984
91871250246
91827706331
91873912727
91660773102
91826999617
91864801995
91916024833
91890835550
91750207049
91900934611
91772880699
91961390937
91601865977
91815031132
91686721666
91837420122
91883700044
91825662993
91945678852
91855208879
91806241324
91868891357
91903506542
91860225614
91826704008
91709487023
91685811017
91725064230
91975265860
91725617255
91639742027
91946572469
91968944019
91773278902
91736439909
91863785565
91815349180
91878094833
91836257013
91701521686
91841012499
91930683232
91663791305
91985438407
91605662972
91851558784
91853005482
91915545091
91944527863
91705925528
91826114104
91965507141
91847694591
91624579375
91958491393
91904896427
91755038975
91989309329
91731306937
91683671917
91629122364
91917413195
91903322204
91615366875
91770566974
91861117891
91759838974
91748911016
91922538405
91668203232
91660278602
91961999873
91879113411
91761502168
91807153512
91861586302
91672974639
91635845892
91933879825
91721672188
91601830223
91682682716
91907363768
91933114571
91905720106
91992522063
91625678406
91616583469
91702002252
91755716995
91866204297
91740342672
91851915430
91906110246
91669194893
91633925852
91723401089
91890341867
91771347639
91655221753
91742254178
91813842461
91928157230
91711321552
91799855417
91873222506
91717995779
91861708069
91630366335
91744531090
91801533668
91910661562
91665878085
91691331005
91914490876
91849648151
91625377489
91910173040
91857173275
91815027722
91728364143
91833904316
91841652635
91817647664
91742792214
91956569951
91788214096
91602722335
91679425143
91952567764
91740863464
91902529596
91984233339
91990713967
91882449924
91643130327
91817365116
91622414042
91675709192
91922995792
91720037805
91611500488
91828636704
91888139996
91843970555
91686125438
91682431324
91930106852
91893114292
91787653760
91863804335
91696658213
91749295932
91874046703
91671945660
91705223690
91970538478
91640976653
91930822244
91818929539
91683883287
91770682810
91977516367
91645328220
91786845136
91829852084
91795074969
91635255463
91890308606
91698152240
91868514215
91683748403
91825972745
91878802176
91718199269
91663246905
91845260256
91784516714
91641953949
91694912212
91972863719
91702973454
91972636999
91749488051
91757699095
91980176964
91719562615
91751683104
91659527486
91837492668
91644738621
91866668940
91953531950
91964488130
91996855599
91627390754
91618169767
91785089722
91991505533
91701375838
91617426414
91643805504
91926065034
91798761880
91885039918
91847315467
91684984460
91943158254
91725761376
91668168824
91638158714
91757068586
91792887967
91890168491
91682971780
91661041365
91713058036
91970103500
91887016894
91670286026
91858168580
91716006314
91695858563
91961856702
91732067502
91955403799
91755083886
91726311214
91898896280
91888668282
91758301817
91758090346
91733233797
91613538797
91895262402
91934260361
91823968030
91986738600
91908158304
91626475583
91638501104
91616749290
91812741729
91704845452
91619941489
91951452071
91855760874
91883539342
91762845658
91634293688
91619701303
91893424070
91772146797
91996515318
91962723509
91823201178
91638821824
91738692346
91825583472
91897086452
91927673583
91947933468
91636339133
91935654224
91646719654
91656794060
91662294553
91852871877
91807246465
91601835653
91929899564
91676005805
91769160317
91919922766
91978427101
91752290451
91736138882
91732321052
91918482080
91818955252
91969693019
91842733987
91889206036
91680062436
91611464165
91906224020
91686677868
91835816401
91867101313
91679712435
91721641200
91613978220
91835144116
91958844586
91995795088
91982568429
91943773080
91834202535
91996219803
91861952281
91925216634
91669061933
91733622869
91969875943
91910307952
91718593860
91845502231
91631054359
91804304274
91905949087
91629100412
91799087440
91741746230
91648455466
91740712031
91768145988
91834771817
91934351845
91999449949
91741071851
91607405431
91796536108
91639022935
91675314855
91790343144
91635038643
91803579488
91944918404
91714302747
91968406041
91933824120
91690760339
91797590333
91849297127
91773369614
91928955713
91792048189
91817577591
91993680058
91640599769
91874218375
91900975716
91779390931
91626666178
91798109068
91766037308
91794938158
91958898652
91813538414
91682982731
91859591054
91966664975
91709842892
91736885202
91902995921
91812791041
91888175931
91696326318
91864891720
91810272484
91945309421
91935277081
91933710821
91926867498
91814016431
91798645383
91806235392
91972974803
91790725218
91638386637
91689993093
91819908099
91779534155
91777948502
91969703557
91858258579
91678630797
91837832970
91909698586
91920871373
91691844438
91858110599
91792319843
91856889024
91863215586
91893736124
91932090023
91722405723
91816292211
91625944720
91692753855
91944926200
91952284318
91957719162
91758367240
91971240646
91614298949
91769162748
91605329253
91632532979
91640666007
91858007796
91787418277
91954222881
91622937343
91921331062
91848967566
91839046265
91637990052
91972780516
91966891908
91919527610
91943081535
91987456612
91804241198
91640995209
91618020495
91953870514
91906455531
91631682058
91950326940
91613663215
91838407807
91654544173
91794768107
91827561288
91952888449
91694313996
91627045625
91656166172
91683849890
91644418827
91847586921
91884913798
91617821135
91913754109
91605055335
91689281960
91760614832
91606950038
91911781734
91895001506
91965542139
91820724772
91616538726
91702435893
91819538915
91958937175
91899986857
91634535904
91712078423
91710914975
91650625553
91892476483
91834223024
91729750837
91778543290
91638519424
91887642061
91823272526
91672993542
91779408615
91913195169
91773635735
91668939990
91898692212
91705183508
91615738288
91676122676
91755216446
91686015833
91694476551
91602362294
91838530458
91986327864
91737105774
91750000905
91793768157
91681561748
91821049650
91753052289
91995337582
91875626426
91830304769
91853043156
91681181471
91604315710
91929733753
91950355910
91753546068
91830675114
91976351826
91707678329
91678366681
91619696817
91806461484
91927238469
91962160854
91875589807
91615139599
91819974642
91780393750
91792560519
91985298546
91909360048
91800985204
91622390311
91619761448
91768401801
91984035576
91704590249
91615612747
91605328256
91814121846
91952062429
91776645296
91999320546
91606835372
91913461490
91819702183
91695952347
91936599883
91977533391
91900494416
91719009510
91708213583
91709673052
91969303219
91848611864
91841126159
91821514548
91642243032
91727642730
91834410948
91766364778
91926110445
91964004487
91898343432
91975620695
91641920549
91815026855
91917211215
91901448919
91714801103
91651700520
91972305320
91668777606
91911933563
91620546362
91975439565
91821789609
91797625172
91839937078
91863576789
91632127570
91867476947
91636677580
91648333354
91687108514
91857809844
91692822286
91788788771
91818674166
91802992286
91921609751
91895934144
91883925374
91988454778
91979259760
91952251978
91919616782
91786921163
91842714341
91851957571
91807357666
91920538768
91896023644
91602037073
91653765275
91883291994
91814620231
91776171934
91928444741
91677307668
91730390324
91864210012
91793580946
91708539603
91884411948
91658217680
91761430499
91830699361
91858271030
91933261463
91877931503
91703472478
91848017659
